746
5
648
894
485
528
785
180
43
851
316
775
334
951
454
662
102
237
366
459
885
976
214
560
860
326
466
452
836
295
481
40
439
665
618
590
151
283
313
124
95
881
610
837
210
944
756
41
234
946
479
432
475
446
48
314
285
727
269
321
373
427
936
719
54
956
784
211
276
402
578
303
801
876
743
927
59
495
369
820
380
691
740
778
271
428
429
250
405
847
606
511
37
979
359
688
669
220
206
419
157
476
68
111
119
456
310
415
311
978
929
715
889
510
360
533
268
854
582
611
965
185
148
443
919
823
718
798
776
46
961
731
962
365
555
638
621
343
877
655
344
386
377
729
901
69
651
340
964
226
408
848
444
825
631
113
115
646
483
747
520
367
425
291
812
852
288
94
77
537
145
545
574
703
39
926
805
561
437
235
751
630
159
972
649
331
556
257
327
215
453
977
932
666
324
583
998
700
524
320
675
516
186
99
83
371
532
290
818
866
804
658
423
27
104
833
544
222
15
406
396
445
191
174
436
762
835
280
891
189
681
460
570
577
757
742
695
107
515
842
558
586
329
796
184
525
346
347
702
589
705
32
670
903
779
400
816
193
118
28
736
125
413
624
282
376
89
127
134
628
828
318
733
139
584
623
506
352
744
356
110
698
51
441
353
915
547
323
900
246
802
167
128
539
279
543
221
112
868
601
23
890
599
379
912
925
493
942
143
200
292
277
6
471
411
491
647
735
416
908
676
490
734
368
178
627
338
563
935
640
701
598
442
278
931
709
808
30
218
827
81
869
530
230
679
720
739
33
678
834
924
12
713
535
899
896
905
769
229
78
108
579
794
750
728
372
983
995
154
103
350
660
910
116
759
256
872
362
87
632
996
503
393
546
707
484
270
754
997
152
526
259
8
294
182
284
941
130
644
722
612
364
228
298
659
551
155
477
725
832
307
3
752
216
170
677
529
657
132
66
494
243
522
846
465
696
462
527
252
71
297
502
513
635
472
35
829
884
61
384
879
467
550
330
394
710
600
777
634
272
199
434
181
412
253
227
667
763
940
21
464
201
133
717
674
859
404
916
248
680
149
789
809
548
147
266
981
169
208
814
758
587
487
457
974
160
249
865
918
781
791
204
953
489
988
755
803
281
850
565
639
810
706
504
131
509
797
239
92
392
959
56
617
549
407
892
920
241
793
482
440
328
982
355
788
914
163
897
101
195
564
738
861
875
120
541
161
512
458
645
768
730
966
887
93
42
947
782
839
207
122
994
724
65
849
898
508
536
183
568
581
948
838
576
588
171
855
84
45
780
449
592
811
44
616
819
474
247
893
14
637
261
542
605
409
135
663
689
378
552
202
672
17
306
197
864
799
312
299
49
190
939
571
683
363
999
403
349
668
949
231
179
150
806
906
620
685
63
692
421
463
787
16
302
883
165
358
187
821
75
97
760
501
22
196
188
322
716
450
88
496
766
98
714
319
397
771
38
774
105
960
382
492
262
553
737
438
554
296
387
164
461
426
158
70
251
7
410
172
921
523
244
786
567
468
990
514
770
971
987
844
117
594
391
55
690
853
726
137
129
699
975
435
687
650
260
619
348
518
223
664
345
153
661
863
671
824
575
232
723
109
166
602
357
559
938
633
123
684
498
764
36
795
622
287
91
194
177
792
203
286
697
745
138
264
711
31
339
591
843
80
656
609
100
473
267
989
136
749
424
505
815
830
205
862
470
73
395
383
4
652
176
47
886
114
817
309
433
636
540
603
748
874
399
414
273
168
401
963
878
255
943
968
258
604
694
333
430
970
708
390
954
845
984
950
451
254
597
238
20
902
1000
106
332
337
76
488
64
341
615
585
121
880
325
217
923
682
765
96
928
500
967
469
643
693
538
126
840
13
242
557
11
361
374
26
773
909
930
857
305
882
144
265
85
985
521
934
219
301
800
2
79
580
911
955
569
431
596
173
856
573
595
192
517
447
420
937
74
626
351
826
82
753
34
141
992
480
448
980
704
422
653
922
870
370
289
224
53
822
641
499
90
831
10
686
871
9
275
198
841
807
293
60
146
761
52
486
613
593
913
957
904
342
614
335
336
969
973
388
213
625
867
72
58
566
952
209
417
986
607
245
673
140
25
175
57
385
308
917
813
721
19
732
233
772
497
642
317
519
958
225
86
933
507
162
455
858
67
381
478
895
142
274
212
263
236
991
29
354
300
24
240
562
741
531
375
873
62
945
993
50
767
907
712
534
304
418
572
389
398
629
654
156
1
790
608
783
315
888
18
