7972
1749
6092
3094
5063
3561
8937
8806
3463
4618
4111
5815
9821
6767
2617
3574
7536
9394
1614
3030
6123
8817
3661
8048
8657
950
1196
394
2222
4841
3170
683
640
1812
2578
3742
7158
9783
4585
3397
1639
5357
6121
8704
5751
5566
1287
9838
6389
5703
1121
6116
856
1111
9140
6236
1691
5708
3677
3663
9318
5997
6127
8933
2384
4601
2101
6716
2418
2064
4776
3432
5021
2479
2355
7098
1711
802
1685
6276
8194
7206
582
7644
7045
8685
7518
591
2703
1557
3970
1928
8449
1675
2577
8929
8379
7244
7006
5945
3410
4284
1598
6998
1322
4997
4333
1421
5044
3676
5328
6589
103
5750
5783
3914
2682
8018
3330
8772
9291
8078
6373
5322
3135
854
729
3317
1989
2764
4318
7619
1411
7672
5577
901
4119
8384
9146
5386
324
7689
7680
7805
2304
7077
1370
4925
66
4232
5177
7628
5985
8850
5917
4003
8380
9634
5918
9871
1613
2079
5590
2463
7752
9100
2461
7293
6196
7848
8963
2031
5649
1157
3598
4216
5340
2408
289
731
1816
8160
61
2778
5042
9118
4160
8905
2109
1559
2572
8643
201
9143
5674
6555
458
9272
5022
6294
7366
5780
7629
5079
254
5160
6956
3738
2592
8297
9002
7981
2139
369
3180
5767
944
2393
8885
9469
4942
3774
5611
1114
516
2386
6742
651
797
5494
9051
5872
8022
566
4784
308
9309
7618
883
1136
8907
5460
6219
717
8564
4719
1967
9353
8443
5748
454
4124
7035
2603
6095
1659
2916
9472
4194
6044
5747
8620
3989
795
2133
8822
660
4396
7741
8601
6491
6643
1572
8616
4422
3137
7360
895
2283
4559
6921
9275
6038
6368
5143
1501
965
1873
2272
2427
4005
9541
3601
2456
669
1647
8394
374
6969
4526
9231
1768
4234
9056
4653
1580
2796
5168
7562
9993
7336
9954
9414
6203
9514
8391
1607
9375
4748
7720
9165
5712
2835
1482
2211
9181
125
1657
6754
2733
9528
5080
9824
7533
7162
6646
2932
2840
5350
3166
4538
5912
9531
3503
9337
5035
1982
3211
3908
2202
8553
1635
8062
8071
4436
1651
7777
9589
5443
9114
560
3532
9296
3901
6363
5084
5098
2189
9363
7042
4685
6950
4351
9385
2692
5240
719
8467
2237
2027
3327
5289
5660
191
4494
9615
9715
9234
9599
8506
5089
8486
9471
5398
98
361
1508
9283
7623
2518
5889
727
390
8633
8061
4096
8234
3978
1600
9806
385
9731
7581
9078
1151
1673
5118
438
8614
4749
2596
3209
8435
3224
1437
9473
9259
6076
5902
1109
5277
791
3664
9594
9504
5806
7779
8679
6304
7116
5410
9344
2754
9974
318
5360
9389
3023
1790
6251
1076
154
4313
8519
93
6281
464
888
664
5741
7632
1058
8923
5432
3923
4834
6018
7588
1821
3626
1737
1013
1697
9070
7865
9719
5037
6655
8861
8117
7941
4729
1012
1266
2009
2883
9847
8196
2895
135
9690
513
4157
8163
2921
9755
9999
9620
5540
5600
8310
7422
7357
1309
6163
8367
544
6768
3945
3376
8137
6479
568
827
8169
4476
2716
5346
2521
9707
5827
4193
1104
938
1435
171
8994
7749
792
6712
6798
5950
4705
900
5158
8814
4528
106
1754
3759
5456
5791
8865
3008
8673
1522
5744
1479
3017
96
9799
8970
1389
2561
2658
8844
1753
2322
5258
5338
206
6245
8523
4393
5083
7573
6134
6841
9116
3711
1442
8289
6399
8792
2582
2186
3291
4251
3152
5206
1720
6642
5232
2134
6953
450
5678
15
9453
8178
5814
928
8282
820
7279
327
8074
2974
2717
3345
6574
1385
2709
4344
1178
2500
2338
4871
2601
3013
3588
1569
3331
6080
2957
286
7600
1815
2127
7197
4156
3865
8801
6048
1806
7871
5584
7813
1694
876
8580
1396
978
2636
3182
7319
4813
9449
3118
2004
3810
9112
4102
6249
5861
6418
7528
8915
2735
6848
4566
2584
5554
3708
7
2748
5308
3956
3861
4198
6790
6075
9185
788
886
4190
443
1016
5905
2458
4548
1318
1710
9803
2119
7049
335
2573
7615
7764
8390
1755
1391
9020
8043
5373
1099
1652
6078
1393
8106
1705
6477
8092
2319
8440
7314
612
571
5731
6677
2049
7539
6684
891
8574
2530
6739
7932
2257
1417
3052
6946
2066
9064
6137
7406
4321
1519
6437
9043
9930
2599
1289
8982
3717
2196
5191
7407
3425
8778
8050
1829
583
8561
7969
1751
4858
5468
4175
4002
9239
5927
6910
170
5024
2526
6422
1992
4129
8796
4025
6425
5713
2961
678
2377
5580
1052
4133
3216
7461
4552
2039
1896
4734
6222
9377
5169
1528
8318
8920
4854
1019
2686
4627
6553
5237
739
3893
8252
5091
6010
2843
9497
3938
7740
3866
7269
7167
525
1388
391
9650
6955
7057
1802
5493
229
3622
4020
316
2505
959
6618
3206
4793
4763
2656
2660
6334
1972
4931
1107
3181
5505
986
4369
6808
5313
9484
2669
5826
2406
2331
5405
3415
6914
3062
8509
6015
8663
1498
2506
4130
4278
4049
6056
2092
2306
5755
8511
9942
1449
3993
7708
2348
1851
8334
4238
1734
231
7443
2959
6046
9096
3655
9474
5278
6466
9401
7181
9913
1341
597
1347
4662
5059
7661
1040
8199
3583
6350
408
7419
7523
8584
1167
5604
8567
4909
1215
1931
5320
9253
3202
2317
9292
6315
102
2509
5112
1987
6153
755
6473
2668
9743
334
5243
9843
9712
2654
3388
3155
5411
4115
6154
1840
3775
7639
8770
8938
661
9229
219
8143
56
6225
3819
1051
2431
1006
3073
4212
2551
2410
2635
4572
5099
2200
287
2389
868
4768
3577
2808
5292
9916
2213
465
7239
3364
8463
4701
9588
9724
665
1878
8720
3660
7645
238
4461
8000
6372
411
8833
6657
1095
9330
2849
6661
6468
767
2690
7202
7107
3985
3065
3528
2103
6597
8064
988
8224
2626
800
9560
315
3136
1505
1089
5371
1618
2154
409
1044
6221
6
3084
9784
3338
7742
8697
1637
2851
7138
2956
8281
8707
264
2495
5877
1056
3563
9638
9361
991
3846
319
296
7967
1787
530
4570
9403
7143
9640
1765
6641
9443
6042
17
8948
3285
31
5930
2413
384
3844
3868
9245
4703
5690
8500
3879
8264
1303
3319
1118
5286
5321
8910
2726
9688
706
1375
9037
9238
7633
6160
3886
2303
1776
6432
6803
1124
3519
2723
6635
8098
4365
5452
71
3808
2508
4992
9194
872
4571
8908
2780
2439
5171
2072
8401
5538
8612
7385
8843
2070
5325
4833
5272
2203
4253
4731
5412
2497
4987
5067
1969
5599
3572
1516
1889
4087
2898
9482
4902
7289
3625
9426
6394
4398
8958
5423
9005
8261
1786
1523
2414
1003
2053
5156
9521
6820
8491
5973
7292
4056
8096
4961
1231
4425
9583
175
5892
3716
3831
7925
2488
1399
3845
7647
5507
7530
187
5508
3862
2096
3430
7352
4563
4127
447
6387
2143
4021
7060
2846
8323
4621
8527
6898
9648
4101
777
5986
3933
8615
6903
3977
2351
1369
6105
115
5225
3658
9454
282
1706
3648
5146
7374
7225
3712
626
5499
7630
657
3850
9316
9481
9964
8798
5953
9432
3539
995
6401
3597
8804
351
5167
4154
9992
9632
7284
3954
200
4918
1807
8474
1461
3246
1032
825
828
5462
9033
7531
6534
8354
4576
8706
5881
8812
4655
686
5435
2781
6299
7842
7001
8765
6026
5095
3409
6821
848
3750
5922
2295
3883
5971
4541
8044
1372
9527
5760
1079
4065
8464
2183
3837
7271
6009
8565
3684
8606
3196
8104
7456
2245
1133
4843
8906
6859
5380
1934
7570
7310
109
7388
9902
2006
5926
299
9882
9798
4299
9869
65
4906
9457
3522
6338
302
1844
1732
9386
1658
6741
2
5598
7399
8161
1
3253
880
4537
8055
7578
1565
8208
6017
8943
4945
5144
1629
5990
1996
5515
4938
9963
4010
1093
8781
5913
8846
5496
5198
1053
5544
1008
3795
4631
3025
7282
4445
7987
3983
6752
2379
5336
2233
7773
6452
7007
5131
8430
4181
8077
5478
5384
5451
2249
8815
9692
5651
198
472
2435
1616
2653
504
2483
13
9997
7459
5509
562
6480
2424
8646
6064
5148
750
3826
7064
576
6686
3505
5327
5777
3289
6886
1907
4237
2498
3304
488
5391
262
974
7549
9836
8328
5607
9285
6318
6971
424
960
7358
3110
7747
6292
7108
6053
223
9551
1115
2206
2523
1591
1794
835
1893
2719
3085
6148
2171
3632
3240
9142
1905
5776
3122
2115
7888
146
1874
839
5447
1464
8294
9295
8692
5319
1098
6257
7869
580
5901
8741
3321
7702
8321
4862
1225
8256
5719
7610
4764
3072
5455
9918
6816
9496
979
2190
3929
6662
213
7585
6419
8829
4094
5043
5851
5656
9552
7083
7010
2132
4269
4490
312
4641
1641
6587
6689
5453
4530
915
1057
7621
8080
6871
966
8228
8326
1645
6047
2074
6395
2941
1620
6063
158
4707
1485
7421
1080
7838
687
8512
5052
5558
1252
4761
9106
9266
2986
6490
4429
8359
3516
6625
7350
6791
833
3944
9412
9705
4317
4501
1301
9307
5560
6450
1517
8805
1091
4562
1646
121
5163
1174
7296
1511
2524
2402
3642
7109
8895
8735
6242
7313
3549
957
2757
9031
6502
9355
3859
1570
7135
2106
6379
7070
4882
1431
5157
5645
8877
8680
8481
3675
107
7569
1648
2354
7564
1243
4007
4104
1767
5015
2831
4272
5088
1394
4525
3726
2415
2785
8655
5929
5152
8733
6551
7262
6341
2442
1108
8408
9706
2645
6913
8965
6506
216
8548
3614
5339
1408
2129
723
5374
6693
4027
5546
4009
1799
7487
7872
8128
9928
9413
1966
3895
847
8114
2102
630
8306
1192
690
6250
5208
1402
4527
3059
9982
7624
2405
5710
1603
482
9237
2615
1760
8311
2529
3158
9279
8571
3739
2610
6603
6930
1964
8559
9138
357
1155
7431
2478
7075
6550
4957
4051
7005
1950
6970
1149
7363
975
512
1292
6878
2920
9653
8079
1626
7885
6541
8534
4355
5012
1113
1696
6523
8094
9699
4117
9720
5813
812
8112
4856
1831
2121
3551
1827
5301
1885
4778
7571
6331
1130
3848
1638
2928
1376
2558
6336
4573
2033
7859
1001
9797
3189
110
4208
1185
6360
47
3907
2701
9550
4397
400
4817
9809
9301
6831
4385
425
1339
4615
4201
2097
340
3823
1163
1400
5988
7998
7942
1189
6483
5254
441
9953
5122
9341
6492
7491
9255
9246
849
4081
1733
8953
817
4521
427
1397
2620
8397
7832
1551
535
6008
6310
5781
5273
2962
1503
8302
5931
2230
7921
5960
9018
4580
5142
6494
8749
8700
9839
4099
379
8293
4404
3811
9813
8115
8652
2291
3235
6214
8385
8241
2265
7866
5866
3134
9015
7364
5479
5615
8269
9800
4323
6358
4787
1387
7276
7899
3673
6505
8059
3631
822
3482
5174
4484
4140
7323
716
5898
9595
1545
9773
3841
4338
726
4533
2859
3957
9618
157
1354
3419
2832
1963
9032
1092
6890
5543
7401
7281
6994
1415
3730
39
2244
7733
5187
2378
1497
3263
940
2937
1480
3623
595
3383
6713
5785
5511
4592
2758
2752
1649
2111
613
6273
3979
2499
2567
8638
9308
2665
119
2411
2867
5843
2507
6879
8107
779
9639
6461
3031
1766
9029
5572
1741
8122
1576
284
8275
523
9778
9411
741
8366
3509
3511
2367
4164
314
2879
1660
4218
3869
5535
2376
9936
6897
1633
7156
9428
1281
5180
7593
807
1674
5548
4047
844
2727
6303
4267
4349
2444
446
2324
6717
2966
7023
4469
2387
8967
4046
6856
1306
1764
8808
5267
6043
2107
3219
4913
8900
4086
8714
5761
985
8990
6933
2312
1368
8258
7989
6870
83
7966
3029
5106
5999
2128
1392
4786
4373
9492
5491
2083
529
546
1876
7664
7812
5870
7608
6863
2568
1235
1857
2904
7188
733
725
1145
7802
2046
1468
8723
936
5058
7979
9055
1161
4062
1826
7595
882
8453
934
760
4097
9852
116
9249
9327
1723
9854
336
2374
7841
461
9342
5743
1853
8482
7864
1849
7931
5694
7392
1420
1506
5729
8111
1735
3221
1277
5835
8787
7300
6434
5957
1577
7559
4413
2455
7110
6644
1643
1004
1350
5203
3783
8710
769
703
8033
8715
3244
3592
8444
4082
7114
7028
7950
8058
1158
742
1229
3715
4878
6651
3988
2130
9737
8276
5264
655
5882
2693
652
2510
4454
9350
3927
6295
7159
9009
2035
2296
2520
1981
124
199
7213
724
5173
8420
51
2718
614
9445
4550
6581
6705
9334
4953
1909
7861
5141
3587
6951
6034
495
7658
9193
1596
2480
3508
3590
9343
3336
7938
4226
1951
4797
7508
463
2135
8777
4847
3871
5993
2909
3455
6041
5637
4440
1983
6021
1054
6673
5871
7583
9122
4146
4600
3096
9133
4244
8898
969
6326
6562
112
2655
4815
600
6161
3804
7204
4325
6330
3417
7099
1312
6308
3955
1244
2113
3884
1847
851
2882
9893
7115
5940
108
7532
7810
1467
8986
2536
736
2515
1452
5093
5057
5556
129
1575
3780
1186
23
2918
3962
7877
7947
4713
3872
6649
288
9591
1469
2403
1748
549
9559
7683
8644
1621
6532
2802
2651
1731
1791
5474
5296
6627
3354
7002
5071
9569
8936
632
1405
6164
3514
4826
1398
2170
8896
1978
9711
1699
8689
1434
2081
5315
4016
5698
3086
7214
79
3341
877
6029
1254
4897
5595
7317
7465
2007
266
8164
7879
1181
602
1175
1762
6333
6343
2968
6486
8662
8023
4409
753
7926
8969
6144
7671
8588
1933
2217
5433
1504
5418
7994
8295
8517
6906
2593
3165
8819
3169
9351
6435
810
5467
8069
6544
5000
8047
9304
3365
7446
203
6403
6850
6738
6364
2609
6980
5873
4850
364
2485
5896
4591
3553
8766
4736
6631
3757
3723
6179
5215
3921
862
1700
526
9790
1253
7111
2054
7394
7876
6834
9177
6813
1117
4682
4165
8193
932
2440
1290
7125
1127
9212
2903
1975
4738
7101
9442
5271
4329
207
1321
5520
3733
2329
3665
4716
8340
4995
6957
6845
4474
8010
486
1929
3546
9575
805
2823
6158
2238
9808
3241
4659
6115
1627
815
4235
5621
3763
8083
84
7189
3282
5117
9900
5981
7873
57
7418
749
5640
7335
7030
3151
1191
4363
2185
9553
3038
635
5991
4328
6982
1293
3636
220
3449
5782
7687
9878
5124
8975
4282
1331
7651
7404
3045
3089
1927
7591
4089
4584
1329
1445
639
765
1075
8622
5304
1959
2262
4132
5216
3809
2169
7460
2250
6325
8223
2878
7801
1489
100
5458
6911
7850
6990
7142
40
902
3472
7473
9494
3754
7665
2019
8423
9598
2884
1521
2148
4714
9447
3470
8987
4777
6796
4169
9505
3839
4694
9978
6543
4109
9171
176
7902
4963
8220
1194
8912
8959
539
6380
7961
4213
9924
50
5847
8150
9036
3016
6923
5376
2738
4040
6226
8005
6404
5860
4145
656
9872
3820
48
6012
4595
9464
6297
259
4360
3674
2720
6282
2077
2417
3384
6789
6940
3269
3612
3167
2044
4153
8213
5192
4466
9108
3779
8406
3835
6463
5530
2321
2292
8236
5135
6513
5863
2470
1444
8985
9586
5534
8636
9444
9574
7519
3466
6216
2749
567
907
8214
8108
2807
7494
699
1067
9314
7161
6476
5551
7343
1683
2711
9252
7952
7715
9192
573
2112
5845
8434
1804
9214
3113
6106
8004
858
3000
5983
2197
323
2028
2566
1296
8183
6428
6355
782
5900
7321
1670
3012
905
7505
9619
2443
260
1662
3186
864
1954
6920
1096
3011
860
5348
4324
7447
8342
2768
8065
977
4166
4491
3854
646
5416
4371
1199
645
4375
3107
6733
10
775
2098
380
9792
5230
3749
2939
6857
3250
2173
9853
5648
5989
3464
7759
2954
4794
6067
1036
9271
1841
4479
5574
1390
1744
4332
8694
2792
6822
5730
2212
8118
8609
1214
7416
5446
7482
9764
7668
173
9226
7056
205
9981
708
4950
192
9091
8691
9261
3302
4941
8607
4814
9460
9734
6511
3524
842
5578
837
1377
3033
3039
7762
2744
4281
8635
3827
3976
2991
3694
9022
7397
6621
5102
428
212
8579
4790
762
9664
4508
7040
7359
7886
9325
4376
9536
803
455
6828
5244
1582
4023
2972
8176
6108
3326
1144
6427
4836
4470
6102
9431
7761
1106
9045
8618
7242
6111
1939
5954
6902
3283
1611
6718
547
6052
8838
7345
1162
5510
9131
2467
3771
3926
1587
2513
1668
4870
6417
778
2361
4353
1458
5699
4030
38
5150
588
3856
1579
3100
7089
6484
8703
5581
9069
7637
4693
4698
2394
6546
4435
3939
745
7784
9827
3552
1836
4717
7370
6854
2404
6576
1728
7703
2588
3053
7426
2517
4391
2162
9931
4900
4962
8599
8300
7471
4929
7195
9115
7367
2015
5891
5109
2798
952
2547
9631
5285
8876
638
4628
1730
7719
5383
8701
4912
8457
7351
1345
3171
6136
6927
9243
1917
3299
2335
3870
1308
8736
3847
1471
1265
3643
2639
6650
2150
8922
8629
910
9383
8181
2311
281
6720
1020
9759
9094
4509
5553
2700
9781
4739
6171
1487
4744
2995
3106
8725
4304
5291
6119
4998
163
5108
1360
6892
6278
6371
34
740
1425
897
8316
3063
9587
466
5677
8049
6503
7974
350
120
9897
953
6611
2839
6530
712
6670
4665
3745
9288
5294
2474
520
6654
6637
8462
3176
6493
8870
3494
1209
4820
4430
1667
2188
2917
6182
2346
1665
9507
7635
8654
1338
9873
9644
914
3314
3562
9066
2722
6431
8271
509
8631
1801
6083
8253
399
589
8403
1055
6311
500
7894
5884
1997
7411
5027
1112
5358
9491
2005
4782
7785
9825
5613
5438
587
3042
4057
4177
2826
338
9270
283
4400
4196
816
261
3942
2976
7037
185
671
6800
6692
8381
7575
3164
3020
8751
6762
6220
7778
506
5527
2209
1015
493
9000
7378
8038
6961
615
6942
1128
5736
5686
7048
8254
4139
431
5161
1233
4828
7253
37
8195
372
9
5344
6904
711
1120
7828
4654
1295
9899
648
5201
4934
4586
3305
5389
2362
363
1999
1351
8690
6390
9170
8085
5115
6763
9939
1904
5430
3691
2938
3547
87
3652
1856
5714
1478
1594
4074
8901
7320
8060
7939
3506
8650
2494
1822
2199
5074
7445
7198
4136
9636
1424
4301
4341
841
7065
4381
167
9535
8909
6788
3082
406
8598
1561
2326
2761
904
1473
1750
4886
1274
4805
5659
6977
7560
9791
6984
4976
8611
3799
2890
776
2167
8954
4690
6924
4943
9085
9645
8625
7240
7436
3608
4415
7943
1142
6964
4536
9960
3378
1663
6156
909
4587
9199
9995
5723
654
9891
7434
3215
6016
1131
3725
7059
8942
6385
3150
4589
5139
166
5829
9747
5019
1879
3645
570
6952
3146
1538
2299
7433
2595
2522
2020
2612
6802
1476
8541
4635
9681
6410
8226
7305
8624
7376
5573
277
8621
4919
1302
2569
7354
1974
7748
2952
6836
2486
58
9167
2527
7960
2542
5805
7790
7261
2862
3375
2492
6393
3440
5406
675
8246
6197
7555
8167
462
3278
756
9774
474
5159
7440
2999
4270
457
4064
2978
5030
7791
2725
6000
7919
8847
1258
1703
6842
2737
5655
5998
517
9722
85
3316
4012
4553
7911
3450
9789
4302
6659
5756
1422
9962
6357
9080
6142
5314
1518
2712
2933
2240
1825
9558
9860
2343
6509
9480
8577
1805
611
8402
195
181
5666
7988
8301
9267
9990
4045
1268
840
8439
1828
8265
1714
6743
2892
5555
3399
6162
4620
5276
6005
6853
3060
5798
933
9107
6071
9102
7602
4864
4568
6968
8333
8890
6958
8799
6639
3633
1481
4933
9985
22
9086
5565
497
5361
9090
8897
1813
3772
1534
1319
4204
8075
471
747
9280
720
1845
967
6200
5363
1563
279
7835
1795
4772
1913
548
9973
7598
1906
7663
4791
3616
9232
9284
8924
2750
6133
6829
637
3785
537
6579
5770
3379
3997
6305
8767
1137
5701
8011
3940
1846
5060
1283
766
631
1830
8566
4893
1409
9217
214
8
790
4960
8884
3026
3006
834
8988
7233
6023
1251
9511
4481
2089
265
3950
1315
386
9179
3277
4268
7243
3114
225
7574
3500
5172
5570
295
5359
9103
3188
4982
8755
4265
3776
590
6405
4364
6313
5096
9807
3130
929
1470
4724
794
8957
2047
7655
9452
3174
6941
784
143
5134
9084
2187
5
4935
7525
5353
2339
2337
1412
946
5923
161
6150
8602
7203
2539
1689
5646
6945
2363
9027
7044
6149
9072
2236
9089
874
5518
7453
5629
9866
9925
8465
8102
6237
2583
659
9158
9048
7543
4327
1532
8623
5907
658
8667
1921
2815
8939
2924
1890
7907
9934
6986
7085
4228
8349
6563
1488
2208
7365
383
3318
889
6619
8852
920
1046
8854
2193
9676
9624
5817
4037
9573
9740
4611
9571
6180
9157
1686
5617
4489
5967
894
6865
5895
1048
6995
2858
7474
8485
5128
7705
3074
1898
7022
9028
1824
998
789
7929
5396
8745
4462
4271
8288
2847
7688
4647
4083
2117
7551
7891
8170
2475
5823
2650
2232
8687
2141
5932
5869
6397
2822
9831
824
3851
3143
5937
1832
7892
666
2680
5807
4579
5126
1187
3667
2632
5911
5601
625
9189
850
7121
1486
9849
5275
6475
9302
9633
2605
373
9367
9904
8871
4895
1285
976
4352
7930
918
6583
6786
9228
4038
4434
5585
9745
8675
1527
7228
2274
6918
6557
7219
2644
4406
8260
1567
9151
416
8446
4827
2069
8225
3627
3589
5529
8997
8346
8544
4774
7782
4746
8445
8146
7410
164
4058
1472
709
8280
1739
5636
930
3880
3764
6632
4463
4978
8305
5356
7094
764
6747
4852
8255
4639
6054
2782
8543
4851
7798
5944
4348
2484
2251
3301
8216
5495
9399
9095
4511
8185
5628
7472
437
7052
5397
1438
1134
9465
4988
6753
4899
7391
6706
3121
5233
9315
243
6359
6978
7767
9360
6571
8677
2800
4517
8521
5048
5288
2153
3145
7396
4604
1942
2885
9121
1332
9258
2965
2963
6256
7226
2591
8585
4447
1378
9605
1334
1736
585
3611
4632
3521
2935
419
1126
3790
7721
2544
681
8886
1745
5943
5764
5378
2889
941
9013
30
8926
415
5153
5075
2252
6888
3027
63
347
5792
3557
9833
1539
7771
5642
8076
7380
7686
6003
557
8795
5952
4069
4567
744
4143
8830
9053
5372
7252
1897
2454
2366
7104
6125
240
8279
6559
3067
2368
4071
2301
4732
1049
8006
8546
9459
4316
1029
939
581
6901
2971
1761
359
9597
8230
1970
1990
3275
1169
3515
1050
949
6575
6210
983
7722
122
2532
1457
7329
8727
208
6376
5326
1872
293
3328
3928
7237
7241
1589
8291
8129
222
6356
9777
2441
247
6999
1608
1923
5739
2814
8558
8460
6241
1069
3213
6740
5734
5727
3498
189
5110
3952
4118
6508
1286
3542
1682
9117
1634
7200
6679
3438
1838
6596
1103
5644
72
2288
2672
2570
8832
1294
903
5771
1260
3920
3477
7613
7700
5330
1788
2063
2987
7763
3373
9466
2416
3276
4753
7019
9687
3295
2791
7990
1403
3403
7717
606
4078
272
4652
973
609
1218
3890
8713
3812
4554
4688
7674
6908
5919
594
1236
1153
8171
1356
8984
990
4649
8542
2014
3755
1932
6208
771
2673
6869
672
540
4607
8338
4122
5334
2286
7796
3400
7935
4106
3497
5521
2794
7031
8458
5550
494
7695
4088
1271
4403
6887
9026
9162
5657
4936
4311
1568
3405
2973
9299
619
1958
33
9654
4954
24
7452
1346
6609
7928
8466
8472
6566
3793
1547
3982
2894
1819
5803
5362
9883
4838
2003
9206
8416
8977
4613
7449
3687
2579
2425
468
4844
7013
6823
362
8376
9451
1544
9695
8388
211
1316
9611
962
8145
2043
4303
5721
4951
485
8046
298
241
663
7322
772
556
9818
7153
141
9956
4903
4340
4427
2095
4588
6007
885
8267
5251
5402
4911
9468
6515
4823
7537
2793
7015
1180
7325
8436
1068
4423
8153
4656
5539
2950
961
5936
6604
3641
4070
7469
912
1263
9754
4180
8209
6779
1284
3034
4211
1366
572
4295
2370
843
3218
921
3909
9865
8182
8492
7594
6514
1083
5055
8157
5226
4715
9556
4459
1447
3147
3580
9024
7164
1110
9218
36
7745
345
2247
6445
684
490
4261
3829
8330
3555
5980
4008
7132
2664
301
405
7977
7656
2221
1809
7800
3054
3686
7582
2912
1418
5010
7180
5820
9450
7556
3702
5568
821
1173
819
8682
3396
4224
467
2934
9896
1623
3649
8956
7123
2318
3264
5166
811
3003
994
4885
5887
748
1510
9376
2325
9434
3781
2123
2218
1818
6817
1965
4503
5031
6465
3700
3481
2429
3595
7606
6209
528
6027
4483
320
6785
9175
4781
3104
4884
1413
3126
5968
4084
9614
2158
7486
177
7073
8726
1023
6925
5407
28
6442
32
9961
3713
6109
1272
9458
1615
7576
9182
4702
6040
6279
4880
1588
8835
9034
1490
2023
6370
9840
4148
9011
94
7368
9912
3300
2426
4558
8029
1922
8309
3736
1698
1143
781
5717
3965
4718
1677
9696
2803
7126
2091
7799
5925
5692
7122
8144
9169
4331
6819
3223
2970
1775
9850
4949
2349
6135
2563
2266
9512
8537
5514
8497
4053
5252
9502
8797
481
2225
3243
4767
3371
7150
1477
3493
4679
4666
1946
4068
5299
1374
9306
5337
6905
353
4860
6697
6580
3969
1267
5633
1702
2860
6983
6837
1066
799
410
6545
1198
3491
4264
5129
9476
6960
9972
5483
7954
984
55
865
274
7347
4928
644
6001
1227
7128
3138
9665
4980
1666
1073
1027
1509
8266
5545
7190
9183
3765
5103
4922
8389
6321
8551
4263
1325
9637
6269
9016
8142
8737
8989
2327
7913
5681
5006
9728
6707
8569
9914
8525
7278
3081
8642
4904
6931
770
2281
543
3501
4667
1275
8557
8882
2207
3116
7258
5804
7498
6381
9716
430
8307
3813
8848
2865
5100
9356
7481
948
3998
2471
1474
3078
2381
2178
97
3436
1336
9297
7821
2400
1961
6966
197
6537
8803
7858
5582
3646
456
798
5401
5368
9970
9046
3828
2813
6165
5125
541
8488
6130
3689
4542
8863
9600
8263
8702
1018
2771
7295
8399
69
6991
5809
4874
5765
3621
6032
7230
242
2267
9908
8140
2215
9054
6640
2911
7493
5620
8811
8995
5257
5752
402
963
4019
3273
7463
8859
1381
2553
4765
496
715
8526
8041
1514
3579
5704
7268
6377
1088
7318
5480
6302
1823
1017
1866
10000
3334
8227
3356
3931
6919
7904
3233
6110
1671
3229
7589
2643
2797
3639
123
4983
1862
2409
7776
8757
2259
4624
9441
7712
4305
7129
8934
8424
7999
5245
9991
763
2575
1065
2983
7803
2491
2453
5076
2697
1320
8549
7285
4923
4247
7631
3520
9052
3119
8298
8581
5355
5812
8533
4708
3441
6073
6099
7975
3125
8411
3672
6471
9509
9848
1564
3032
92
9732
3108
9321
196
5500
1177
9263
451
7074
9581
6719
6084
8082
8754
6309
7275
2804
926
3227
2519
5735
7231
4346
5921
5335
4407
9354
8528
4861
9785
4418
4555
3175
8664
1771
7238
7504
754
9642
2979
3287
5762
7627
9761
4221
8717
2667
9305
6847
4496
7648
584
9545
1028
6456
689
9683
3207
1269
5464
6173
4551
217
2724
2953
4598
7707
691
9679
6243
4709
4546
7657
735
1936
7330
6138
249
18
4691
7113
7579
9003
4623
1546
9723
6809
5662
9647
3046
9408
7100
3805
4239
329
9772
6145
6572
4855
1843
1002
7492
5427
1680
4147
6962
2891
3529
9402
4650
3986
1250
1432
8422
8539
8530
8352
2373
6549
1779
2034
7617
5608
3132
3650
4080
3698
77
4969
8068
7254
6323
4740
9876
3279
4762
5663
9300
137
7277
6457
1000
3858
4807
9347
8341
8232
7479
9180
5836
3980
5352
3974
6129
1367
4091
9333
7187
2420
8191
4044
52
2627
1947
6851
8270
6055
2647
5488
5463
62
6100
1602
1901
6348
1782
4905
8619
6588
5934
4286
7222
2372
7723
8003
6068
2789
7755
6810
9945
4750
8746
4522
4733
5459
804
9522
4225
2646
4898
8991
8345
5092
1371
2224
5219
8272
2886
1941
2881
5959
8363
1441
9058
5673
3141
8409
81
6830
627
7245
7889
6748
2314
4231
1986
2105
5436
8418
5220
3918
7905
8217
4547
989
2080
4277
7897
8630
6024
2756
1738
297
473
8284
126
6967
4210
2078
6645
8158
268
3860
3267
2457
7794
156
7280
603
951
563
668
5408
6548
8032
9804
5090
970
1985
2449
4402
7361
2419
9855
235
3613
3274
6113
3172
8783
7534
151
8324
4026
8200
4811
6107
7430
6436
6900
906
4806
3889
3744
6615
7704
1833
503
1713
4408
9868
3339
9567
8317
6665
6413
5212
2174
4869
7996
4356
5749
9503
8100
1125
1861
1678
5828
5395
5181
258
5081
1631
204
5610
2016
3489
132
248
4289
5017
256
5297
6234
1238
2142
3204
6499
8251
7139
9641
3966
2868
3748
2125
9674
3468
6065
8563
1305
1148
908
3571
1654
3654
3457
6449
5250
7587
1172
4664
2816
7836
194
5442
2163
9007
647
8283
3294
7199
3028
35
2905
478
8899
5848
4354
6889
4280
4672
7012
8671
3690
532
1747
3214
215
5497
7353
5716
7169
3411
7529
8813
1884
113
7066
3043
2450
1968
7706
4405
1179
8980
1007
943
9748
5399
4456
7540
1298
8042
2926
2874
7692
6227
339
1038
4583
5946
6091
3584
4695
7883
1911
9704
9630
561
4167
9410
2118
1042
6948
3087
4073
5893
2473
7090
4504
7766
2434
423
6922
5185
8978
5268
4958
7266
4151
2067
5841
8021
5524
8648
1081
1404
5007
4549
6928
7131
4017
5421
5119
2801
518
2967
5864
5179
9161
4060
73
3566
682
634
1495
1207
7018
5958
9534
9050
2172
3924
1383
1722
2182
4661
2195
1500
937
7096
1166
2124
9703
7713
5587
1459
7312
3157
3728
3361
8879
5862
9203
5282
3309
8002
5061
4677
3565
4291
5547
857
1871
6322
4240
5779
7638
6881
8175
8590
9617
9795
7476
4991
3797
8945
5414
4608
5795
1860
2138
9969
8761
9910
7256
3719
2850
947
2334
6680
358
5965
685
1888
3814
2126
7274
7415
1817
3578
2616
5914
244
2698
7477
8504
2774
2824
4041
2770
6312
4578
4150
624
5523
3596
662
1005
6218
7860
8951
1693
7144
4680
7080
9293
3857
3801
9362
9702
1070
524
7355
2487
7307
2008
617
5394
916
1526
4657
3342
6784
7978
3226
8204
5028
6992
6414
2017
2534
6825
3442
7909
5417
9430
2481
3569
2706
3184
3123
4981
6714
6653
8337
3959
5688
9126
131
269
6538
442
2342
8313
7091
4437
4514
2760
3925
4994
4917
9139
5639
7901
575
5879
349
9920
304
2929
1998
4013
1632
1880
6317
7811
4676
6188
4095
7834
4853
2255
291
5824
5594
6398
3230
1937
6709
2466
2390
6590
3594
9966
5878
1361
6198
6578
4222
3248
2779
8640
3995
7526
5711
1584
3668
9867
2284
4345
7210
5127
2863
6539
9570
7735
267
6037
2741
5385
3406
7729
5366
366
9268
8489
6755
8206
1684
3390
6498
7924
3475
2674
9483
4004
7694
9310
1170
5132
1462
3421
4883
6794
6253
9462
5422
4497
1868
4730
7746
3237
3502
8747
6320
5121
4686
4421
9826
1952
2657
2980
6599
8983
3897
9663
2298
8873
5883
4067
7155
3324
2652
759
7662
2422
9548
1892
1556
5987
1202
7597
9215
2116
6764
1902
2630
3009
263
4033
8433
968
7163
365
5136
5876
618
4515
2907
3740
6663
3581
8683
9478
8999
3609
3193
4219
3231
4545
695
1800
3852
1307
1724
3199
4006
1664
3258
9163
90
3232
7287
8053
5796
2565
5094
8374
3953
5797
846
2087
5003
9101
826
2687
2533
823
150
9424
1064
9510
8343
1230
8508
5317
2360
3448
8591
7775
667
6601
6420
2855
7466
290
9518
9780
505
5575
6792
7488
515
6722
7599
4465
5040
1116
7450
136
863
4593
8499
3637
4275
9635
1455
7340
6409
5490
99
6585
9602
7500
2428
9673
7515
5439
6185
3380
3236
6291
6840
4625
5616
831
3530
2175
6606
5082
9322
5858
7857
1835
9067
5202
642
9109
2611
6688
7014
3228
5808
9135
3374
1502
5972
7149
67
1867
7625
7898
5875
7852
9173
8739
2290
1619
7211
6682
2045
3434
9832
2893
5589
8197
2448
9516
2177
7923
8136
6547
7208
9498
9065
9694
7906
1072
4493
9612
8039
8154
4556
2399
226
3762
3882
7171
8552
4795
9040
601
3476
4510
4266
2445
3162
4875
8513
2082
6147
3666
1246
7691
1344
2857
7592
1552
1261
3297
3075
5890
368
3210
9346
3478
7557
2226
4383
3994
4426
1024
3662
6006
1988
3469
1037
9879
1957
3651
1386
7414
6681
3947
5799
4217
3105
6749
4539
5086
4689
8427
6175
4142
6060
5859
3191
1780
2068
5612
4892
3320
8589
3092
9815
7193
9371
7272
6300
9539
9404
7141
9823
3800
3018
9129
8966
9713
333
6674
2853
6388
476
4894
9710
8651
3484
3816
8960
6187
4638
8417
507
8431
2477
5774
7051
3203
9204
7769
1273
8878
3732
2057
7849
1980
9566
2746
149
5705
3262
8329
6932
8056
956
4974
8698
3803
4050
1834
4755
9863
2581
1701
2058
2358
6112
6438
6565
6647
6224
1047
1870
1758
7953
6947
8823
4444
1877
1078
7117
1554
4993
9200
7646
9698
8914
7078
232
2433
7727
9303
8961
9437
6860
4803
8025
999
1213
2679
2075
673
5224
8809
7332
3308
3487
8348
182
3473
4939
3617
4467
1960
1581
5085
7205
7546
2841
3015
649
871
6230
9260
4443
1288
8887
9751
9922
1814
6244
3238
8035
104
184
4246
5738
8556
9837
2021
8762
5424
2930
8135
8162
536
3910
8659
1454
7062
9417
2176
2691
8836
449
9667
7604
9017
9917
5369
2464
5672
8456
6319
1086
2923
8600
9364
4294
5190
9254
7201
9593
1583
3607
8415
3080
2755
2032
1688
2462
2093
8775
5415
7757
3179
5569
2145
8036
5155
2313
5241
8339
9061
2960
4857
2159
8172
9225
1382
925
227
5008
9021
4975
5392
9578
911
4532
5605
7082
5533
7567
9210
6729
633
4726
9689
1168
7120
3280
2260
8315
514
8368
5623
8057
6177
2180
688
519
6525
433
5390
8407
3483
4475
855
3550
5557
1558
1280
4399
9429
586
5303
7753
1087
7808
1241
7382
2790
376
307
8030
273
8684
230
707
9289
9023
7283
8785
9622
3252
3604
9148
7298
9205
4506
8151
5279
4015
1886
5832
2382
9903
3343
4149
8904
5016
6694
4644
5162
4184
6698
3286
7490
2576
6342
2503
8647
1864
6446
9655
2392
5525
3606
1328
1190
252
8192
6447
4609
4452
4616
2799
7620
9555
6139
1208
4322
2810
1204
7948
1593
2253
2280
6451
9079
6861
8086
6844
9658
9019
8593
2628
2246
9008
7870
8610
1848
3437
7072
3446
2828
5329
5466
8066
3149
7003
9382
7160
6652
2268
9191
2344
2305
7118
8382
8344
2762
4178
5576
6610
1219
6344
1721
2152
1595
9490
3990
1507
7000
7133
7506
3991
6030
7170
8532
3533
5388
7250
3705
285
7427
4478
5693
3758
4347
6186
5409
325
4256
9187
4460
1984
1205
5687
6028
2258
8944
8017
6773
4952
3381
2263
142
2783
8768
738
6178
5379
5622
4968
9830
7437
6025
9727
7041
1484
6554
8573
9582
5078
6487
9590
337
7124
2969
8888
2493
5559
783
8081
2345
1883
3220
3838
5377
4223
9298
7809
8515
2279
2165
6035
2606
542
852
8287
1200
8371
7863
4206
2707
8582
4634
3407
6011
7172
4163
1993
2511
9178
7553
1278
3259
8913
6096
6014
1525
2086
3544
757
5120
3815
8358
522
1536
5425
7137
9082
5742
2308
9290
6258
6233
5740
7383
5652
7259
4039
3307
6460
4310
743
2231
4285
971
7186
1433
922
9529
4424
7346
1793
9662
8520
2641
502
4292
8020
5627
8613
2906
7157
8131
9959
8173
5591
7032
7814
9994
487
9339
8221
6430
7880
7016
1475
9439
2594
7501
5018
6217
3234
1820
5324
5114
6769
9438
80
9770
4629
239
1859
8012
6201
7384
2036
8853
7286
5630
1212
7145
5975
4192
174
1270
3943
1690
3183
6472
9880
5047
145
492
7884
761
1789
5528
2866
1343
5641
2915
8240
491
4757
620
8949
5885
4848
8355
3144
1717
5247
6526
6426
5182
7413
1014
5532
9603
6298
6533
1977
7728
7956
9501
9584
498
4863
4760
1770
5437
6675
8490
1033
1756
2590
1798
8091
8299
2210
1333
8820
7495
7112
786
6672
3620
436
1071
6669
1520
4032
7247
9240
8562
4769
7451
9195
4837
6069
8336
9938
3414
6761
9782
7973
6528
5041
9874
4796
7568
7983
1428
4540
9771
8570
2694
5370
7507
6195
773
7893
9145
5116
1436
2820
1139
2901
9393
4518
935
4066
4417
2531
3817
5961
5130
6263
7521
6470
7896
2391
275
4822
188
7467
4188
5793
1245
1327
881
5718
2688
3140
2537
1259
6880
250
479
9153
2996
718
7408
4308
9044
553
5726
9709
7675
3874
8148
8686
6775
8996
2696
4867
6623
9547
3722
4199
6746
3900
2871
3767
4889
2683
7964
2220
9062
3153
8576
6989
7468
6501
4594
2845
6750
5754
2908
3129
8262
9585
2168
3638
7092
4392
2216
4092
1718
4382
5691
3906
152
7260
9572
7224
2364
6351
8166
130
148
2671
8375
7819
7033
352
4619
6852
3853
3044
1335
7709
2423
8810
734
3875
3540
1491
5874
5199
1427
6912
8856
8438
4249
1655
2585
7497
7326
8604
1326
4804
2161
6638
44
4209
3447
6935
2640
1224
8386
9646
4984
9154
7545
3347
3559
1863
1160
8470
309
7642
7903
3462
9477
604
2736
5011
9312
6811
8026
404
49
9526
5638
7264
1903
3984
4751
4735
785
186
6070
1910
6771
9604
8839
5101
8019
4766
8138
4711
4172
8821
2685
4979
2602
4513
8442
6229
3688
5562
9726
9155
271
257
3958
8825
3315
5894
4752
3582
1672
4866
7611
6577
4128
144
1512
4810
9379
6327
9456
8152
6885
7851
3014
5204
4839
4262
9750
46
7787
9422
4203
1743
1450
5784
722
8327
360
6516
9152
6353
6170
3093
4651
1193
2010
413
1597
993
1410
6081
6285
3363
2041
2205
9042
9626
7462
2545
6781
6193
676
8387
793
4326
7455
6617
3350
9110
700
694
6151
2234
9137
4535
5978
9083
8841
1439
670
7017
1865
9817
310
6275
5200
5281
732
6795
3001
2985
4116
4433
4948
1221
306
6765
1466
4432
3753
6126
3420
460
3603
1035
2555
1304
2600
3303
3007
3310
531
7827
2204
1248
7432
3160
3076
224
6731
7316
452
178
2649
5526
2608
1792
8586
3916
6929
8365
4507
2198
6429
6031
8748
9657
3766
6482
2597
4788
4721
4932
9525
1715
4138
552
395
622
3798
1010
5561
5249
6700
9515
1182
2589
1239
401
4821
5053
3387
2604
1355
7175
6710
2613
8109
1628
2380
5669
1141
5722
8393
5810
9123
2050
8531
3600
2829
7552
190
7192
3624
3333
1062
9802
6699
7614
1359
1135
2476
1494
8412
3056
6668
2992
9885
1492
7179
2332
2269
7867
1842
1599
2501
5228
7381
3743
1165
9188
3040
7344
884
2396
9150
5413
8758
6936
6634
9120
4670
2356
388
4633
898
3513
2811
4416
5868
6495
8477
382
2114
3791
6260
879
7917
801
4401
4743
9984
3178
6082
7485
4832
3431
9059
5248
2713
3905
3083
105
7830
7386
8903
3251
4924
3695
4287
9975
2637
7853
9841
6232
1211
8709
4829
9561
8734
2729
7084
9159
6812
9127
6199
1681
139
1781
2714
7102
2315
1962
7263
9372
7387
356
8676
1465
1154
6783
9328
1228
9965
6289
1976
8998
4042
2340
9111
8414
270
118
9651
172
8880
9391
9623
1077
8437
4725
2812
3070
1695
7154
2421
7216
7036
9130
1617
169
6521
43
1566
3867
9835
41
6943
4227
9628
8731
9805
5769
4414
2914
9348
6884
8750
6396
7524
6103
1774
8429
8572
6423
7750
5683
9340
3518
114
8471
1935
3670
1031
3401
1708
459
342
1854
8179
7331
2055
3961
2557
5977
9568
1353
1407
1384
7480
5441
8133
7265
78
9563
5984
653
6573
469
4108
4637
6560
8404
9670
2734
7509
8784
3225
3697
3392
7558
6140
11
1778
964
4877
9075
4603
5351
3554
982
1908
4366
5471
6868
6365
5045
6176
1640
1530
9649
4896
7489
9409
332
138
2830
3257
9365
5062
693
3298
7398
6730
2766
2333
7933
4747
4642
7934
6582
4630
5737
9983
1210
6916
8869
7417
444
5038
7636
5014
3517
8233
996
5839
1132
4159
5517
2149
7855
76
218
5886
7496
4168
5537
2144
3786
3630
8027
981
4890
6814
8141
6607
861
3729
5005
4771
6212
1784
2869
4312
987
5331
8935
9190
3541
3534
8634
2350
303
1237
2964
6488
890
3818
1313
9741
5773
2432
5942
6019
9230
4112
3480
3205
7288
9247
5786
183
2678
8190
1605
2896
6271
4105
4162
5571
6658
5050
6564
60
8130
9405
160
7550
1499
3037
6183
4171
7900
1009
4955
3825
4441
5995
1513
6724
7781
1348
3692
7820
1590
2062
367
2844
6872
9538
9093
4370
5034
8468
4977
4831
9097
7951
2323
9822
7565
6118
8919
3973
8729
3311
221
322
2535
5661
8894
2275
2504
2294
6022
4986
4471
7958
5956
1337
3418
9049
1025
4135
538
4334
2276
8608
9113
7927
4176
3127
127
8087
1423
2166
9400
1357
2192
4887
9693
8637
2223
9235
2287
7027
8215
6335
6938
7327
2248
3296
7484
4557
6605
9349
5850
5563
5489
251
9557
702
9425
2773
6774
9949
3727
5056
8177
1156
7290
1310
2156
954
8955
5354
8893
9820
7301
4801
16
5487
9884
9877
6616
1560
5948
7818
9224
3120
6077
8962
346
4964
7081
1140
4229
6626
8285
1217
300
3222
9629
2887
6085
8373
5775
7823
3647
8786
4000
59
9943
3077
8207
2751
5184
4916
674
3746
1159
7678
8015
4783
3996
7454
445
8410
9035
4207
2648
6213
3568
1772
2241
5341
3348
2538
9756
1971
650
2164
1349
5222
4773
3504
7302
5766
328
5229
1264
6524
7676
4966
209
8668
6987
5246
5618
5634
8103
3456
6207
2460
7251
6124
9906
1483
8678
1542
9652
3128
7751
7470
5852
9461
7105
6558
9958
54
29
869
280
5541
7147
3756
2430
9041
9166
8952
70
1119
8304
4330
2465
1912
5631
421
2958
9907
942
9172
5916
3992
2388
3490
4098
2157
1152
9384
3036
3543
3830
4036
6270
4812
7220
5552
5123
4956
4276
8459
9407
3696
569
5924
2817
7236
6049
2137
9911
4606
1653
955
6496
8705
6191
6620
4636
7730
4410
4678
6455
8653
9216
7004
2769
6972
4085
5306
9532
598
1317
9776
6354
9932
3536
768
1352
4388
4273
4431
9324
9006
1945
1122
4380
2122
4134
354
3133
387
9119
1900
5609
5725
12
7641
8248
5242
8738
2383
2528
510
9104
3239
5602
5484
8972
7652
3148
4505
9524
2052
6949
7650
8045
7435
8101
7257
6440
3741
6366
3919
6602
2695
4358
4849
8964
2048
6190
7607
3398
8816
5111
6744
5004
6050
5151
4643
521
1279
9508
7736
5746
2037
9892
9542
1995
2666
2681
4300
1894
2184
1573
6172
5193
4022
7845
9845
9331
5236
4473
1994
348
2029
8752
4028
2624
3255
7341
3090
7962
5262
608
9286
4123
4696
9708
2229
5256
2309
2108
8231
4944
168
3710
64
5897
5149
5853
9577
4798
3340
8202
6287
7235
5342
3198
9955
1895
9905
8918
9749
2742
9282
2955
2282
3112
1324
1979
20
9241
4926
8834
4959
8592
3190
1201
3523
9786
7510
448
7229
9944
2347
7011
4602
480
3079
838
3097
4439
3951
278
4500
9256
6867
155
1060
4314
3115
7718
9088
89
6520
5976
7825
202
3382
4011
5260
6192
2775
8494
1100
5676
616
7669
2341
3787
6231
4840
6504
7561
6407
4174
8121
3010
6238
623
6745
9554
8105
2598
7333
4687
2988
1463
8641
8353
3429
7324
2059
9219
3423
9864
5054
2625
3570
5426
8419
3538
8222
6316
3877
5819
4937
1669
5234
6715
7725
1188
5619
9819
2242
3284
1380
8992
8198
7711
866
6408
8681
5440
5343
344
26
8496
8941
8789
6612
2997
5513
5588
2436
5485
5205
1601
5962
7616
371
2447
9576
3526
9730
6917
6101
9223
8759
2147
8432
8364
6328
8090
5253
9814
1956
8718
2219
6174
7127
9201
5668
6804
4297
5702
2025
9057
9769
5068
4120
7792
3156
9948
7789
8347
111
5461
2715
4622
4846
8968
7067
294
8001
27
5564
4024
5470
8308
4965
3433
7696
5856
4673
7475
710
4258
8889
9608
6875
4920
8452
9895
439
7178
5434
5002
1063
680
2870
1537
2981
1330
4179
7793
9530
8400
7068
8921
6594
3735
3099
3656
3975
3019
8578
5854
1687
4335
6039
8514
5431
2777
4610
4646
6703
9537
8507
3337
8072
9378
8881
1915
578
5624
9281
6288
5502
3685
2634
5837
997
829
3247
134
2834
1195
3567
3103
6734
7654
7152
2587
8842
6531
9244
4699
6963
3424
7061
499
1785
4492
180
511
9395
5476
3657
4061
9485
1176
8742
1716
3892
555
2243
1919
1496
5643
8484
2745
896
4973
7997
5838
1541
4306
6122
873
7772
9661
3789
2371
9842
9669
7716
6062
7182
919
5821
4881
3593
5955
5939
6519
4161
9486
9675
2787
3507
1769
4663
5428
2837
2622
2977
4361
5763
4309
4034
1656
2239
1940
9132
101
5164
7457
4868
7542
6146
1171
9858
8063
7774
2902
9208
8575
3352
3360
9092
1727
6272
6756
3201
9136
6155
4989
5001
6772
7986
2818
9520
9757
1553
3005
7134
3004
4189
6937
4940
9513
5020
551
9423
9105
8916
641
9287
7514
8656
3024
4921
3683
7375
2705
3832
8858
6416
5188
1955
2702
5684
2940
4079
4614
9898
7439
9621
7839
1034
8597
7217
2353
9851
4472
9380
8361
8040
5695
7425
2546
6280
5457
9388
9564
927
5787
9859
6806
1811
7580
4967
7185
2490
6104
1101
4242
6843
2998
2856
6206
2273
1604
6567
2541
2002
4367
7420
697
5696
7739
8535
7054
1882
1084
3281
5801
6569
9909
2948
8864
8628
1540
892
1401
9744
6891
1852
9381
8730
9390
475
3531
3922
7071
3022
5454
6894
8993
2395
4520
5469
1147
1555
7590
3109
8369
8837
972
3784
489
8874
2877
6608
4014
9014
253
5830
6818
6439
4076
6093
2277
7050
2160
3678
236
6454
7914
2619
9470
5345
7246
4260
2564
6981
8501
8425
1443
9672
8740
8883
7596
9768
9714
3560
1719
8245
1515
3372
1311
3212
2827
2872
7184
550
6386
4728
6678
6732
9544
1642
4186
7586
8782
4808
7949
6624
9946
5235
8378
6412
9488
5492
9656
3999
7174
407
1430
1358
9134
5133
140
8583
3461
2359
845
7400
2310
210
3537
7697
3486
5909
913
5658
5549
6535
378
8554
8372
2446
292
5597
1082
1938
9415
21
6367
853
7547
3386
326
3444
8405
3495
5697
435
6780
389
3195
3941
159
7270
9313
2876
8802
1742
9613
1429
1240
3332
3485
153
8335
2936
3091
5906
5214
7945
8356
2297
6202
5367
3249
3256
3824
9763
426
1203
3777
3177
6259
5667
7912
5831
9012
6459
8756
7922
133
5689
3605
9345
6807
7910
1256
5475
8917
4999
8866
1914
6671
6976
3644
636
3960
2549
6855
7993
3111
8070
5293
6862
6556
2880
3389
7681
6266
8555
5145
1414
9987
3863
6384
8013
9176
3488
2806
5051
6782
3261
3734
5482
3751
6833
2922
9609
8360
5498
5039
3768
9038
128
6337
5670
1291
1855
1973
6787
7673
6799
3
1232
2235
42
4972
6181
7020
6189
3292
4215
3840
4660
4758
82
477
4390
2365
1446
276
1026
5849
331
5210
2412
2181
8632
5501
7538
1524
165
2022
1493
8976
8278
9857
6347
3671
19
7194
2085
7046
4368
9421
6152
6467
9063
7980
3313
5349
7797
7025
4245
692
6464
4561
3426
931
9543
2307
9736
8024
1365
9099
9398
4486
1571
5753
4374
9436
3021
2026
3873
3761
3435
7106
7053
3972
3701
6402
8113
3917
5307
7937
3460
1364
5846
1549
2560
9788
721
8067
7146
1725
86
1183
9081
8089
3058
422
8788
3585
8695
6909
9829
3051
9811
6595
2788
593
6656
9951
317
5300
7822
2110
2836
2574
5393
6157
1011
7207
5239
7622
3610
3161
7297
25
7770
4648
2776
8790
7541
7649
774
607
9901
9397
6469
4675
1223
4063
4692
924
8596
8661
751
7097
4779
3377
2084
8502
7047
3459
8595
9164
8325
147
7371
3428
8095
9420
2136
8189
9846
429
2759
355
1041
6815
5069
8332
6283
4574
7093
6267
4835
1944
9455
5310
8119
2753
5147
2140
4372
1323
2271
2825
8851
5951
6489
9427
2786
1043
9262
2540
5154
7389
8674
53
1692
1803
6751
9242
4195
6778
7724
5400
6766
6036
7148
1644
893
787
6184
5023
5033
6737
2854
9606
9213
9739
1712
7076
7039
9467
6985
6973
9370
2864
9796
440
8184
8840
8186
3934
6648
7079
7833
628
7807
8560
1797
8149
3095
8476
6975
8155
728
8728
4252
2261
1624
5788
6695
8126
2024
9950
2663
9935
2472
9565
1314
8627
1777
2293
3770
4043
5778
3971
1757
9766
1022
7563
7499
6374
8322
2642
7915
3586
4077
3329
5732
6824
8666
2397
2852
246
9030
1440
1875
3628
5794
9001
7946
6114
3634
381
7754
1550
5625
4816
9500
3322
7679
2012
4498
7768
4640
9250
4597
8807
4307
3385
9440
8174
3619
6899
1242
4114
3117
6529
577
2131
3693
5974
7895
6462
4523
7512
6613
6087
7609
6934
2352
1837
88
4183
5935
8250
4543
9251
4052
9562
8479
6345
8201
8721
2661
4379
1943
8219
6066
228
1586
9368
4742
6497
701
420
4320
1061
4035
9366
8483
4872
9475
2975
5066
8009
4842
5255
2051
3349
2838
8351
3836
2438
3131
2228
1216
9579
1630
2925
2407
2468
5603
806
5186
4759
7756
7670
4387
4901
4477
3699
3709
2502
3270
4681
7826
4197
95
1419
7196
3535
4754
2151
1097
5295
3439
878
1299
3254
1759
5963
1704
4230
9039
6793
7743
5170
9174
179
6500
5429
6079
8946
8478
7069
7940
6522
7968
7038
9625
8753
8981
9358
9752
7714
809
9076
9374
7043
4100
8116
4214
5947
945
2708
4141
9610
8331
9493
2285
4448
2548
5650
393
1926
4723
3679
2201
4336
1709
9678
5724
4495
1123
6406
8516
7273
9519
398
3773
7021
414
5880
5333
6013
533
8421
2482
1529
9980
980
2848
8454
3265
8239
6683
5504
4250
2099
2459
9233
7291
1282
7442
2562
3967
1625
1146
7684
4384
3050
2256
8188
237
9767
7765
2732
7918
3359
2469
2833
8007
8794
8688
8764
4378
8031
3682
6223
7221
4684
305
6415
3894
9068
5070
3471
992
6120
3842
4910
9087
610
7168
7744
5365
4362
7612
2320
7294
9957
8212
5593
3721
8392
7516
8891
1661
7248
2763
4455
4144
4519
3395
6561
1197
2336
8665
3896
7520
4879
5189
5706
2638
7209
7373
8973
564
8862
1562
3124
6758
8724
6876
7660
5312
3458
6997
1030
7522
3681
9684
9221
2586
2947
8605
2516
6676
5449
9392
5105
3724
1899
7843
1796
1610
5920
9888
832
484
545
1426
5757
3849
5213
6666
3465
1729
8097
4377
8274
9396
4544
6687
8238
3556
6391
8875
5283
4359
7403
9125
1395
5715
9643
8052
7063
2607
9495
4449
1085
8979
814
8892
7693
5472
8054
6159
1297
5194
3266
8319
6838
5269
8165
8244
3217
1255
9227
7227
2809
4419
4565
6362
8791
6628
9941
418
2042
9659
7511
596
6622
6004
5473
3416
9463
3599
2913
9211
3323
559
8292
8617
9996
5982
5682
7626
629
5316
5332
8259
5302
6592
5531
813
1222
2328
7984
4093
2662
7817
9927
579
330
9274
698
234
1839
1039
1707
4187
887
5720
3834
1949
3904
1881
4464
6369
6759
9278
3187
4048
4018
7944
1453
3479
3355
6132
9700
2989
2819
1763
311
5759
5113
4582
7379
7377
9160
5949
7267
4158
4031
1612
9207
4908
2618
7710
705
9317
4706
3192
3706
917
2030
5025
6307
2512
1342
8099
6542
343
8645
6097
3946
2061
4873
3792
3635
6536
1300
7166
7685
1783
5994
643
4155
8594
8273
2496
5465
9357
8722
4915
1164
377
6169
1234
8362
3393
9988
1606
9546
4394
780
3782
7218
3451
5137
8314
9923
5227
704
8120
9742
8229
4876
1379
9209
45
4712
1887
7517
6801
8902
8818
5178
9326
3602
3185
5207
1622
7478
1226
6474
2552
6586
2747
8974
2120
8014
5265
3402
3412
5444
2076
2357
2689
7315
4485
162
1636
4059
8587
6832
8249
4668
4
7223
2375
7008
9580
9875
7760
7737
8134
4605
3527
5707
3564
7634
2227
1920
7119
6340
5077
432
9601
8016
1609
3629
6246
3891
3545
4125
7682
9729
8932
2000
9074
1090
6051
8719
4054
3843
9915
6255
6704
5970
4741
9762
6915
5009
9668
2805
403
1045
9735
3268
2721
8669
8495
2073
4170
3366
5049
8793
7985
3936
6864
5165
8857
4569
6874
8396
6444
5680
7544
3653
9968
4296
4428
1340
4200
6204
8487
5910
8139
5816
3474
1726
4121
7963
1074
9273
7215
5381
9369
8940
2677
6235
2018
3312
3368
2155
2514
3260
2888
3041
3071
6306
3881
7856
3064
870
9202
4581
6797
321
1574
91
7334
9758
9060
6375
4257
7448
7438
7356
2740
483
4113
3358
3335
6254
4152
7732
2060
6089
4529
4279
5789
8658
9967
1740
4859
4531
6117
8773
8168
5176
9894
6458
1451
3394
3452
7920
4617
5029
2629
9416
3548
1206
9487
9787
9677
9929
7605
9446
2104
6708
3293
3948
3806
6090
7666
8303
2554
6849
8716
2550
3492
534
6939
8536
7034
1262
2278
1858
7824
3760
7088
8132
5284
9073
8868
3154
3964
2580
808
9156
6664
9276
9236
4697
4824
2302
6247
9861
9666
7255
4075
417
7780
4274
5586
7829
1548
8124
2571
2873
554
6507
4596
1991
3422
4671
5665
5664
8824
7337
8147
4845
8780
4516
3306
4770
7643
6883
7699
1021
9433
3443
2179
3987
4947
3404
1869
6877
9940
8774
696
5318
830
1773
2765
6262
1094
4645
5403
6584
2264
1650
8037
1578
3101
7395
6240
5140
9149
7731
2621
8568
565
9725
7640
2861
4107
3822
5833
1138
9435
7758
2065
2659
7304
2899
1810
9479
2730
2011
9721
9738
8639
2369
6598
4825
7177
1184
5790
6274
9890
2949
4658
9533
558
8827
7424
7804
7887
4799
9952
8769
9718
5844
1416
1585
7548
7788
5888
5606
6690
6896
8760
313
7458
875
1808
7444
9489
6866
8203
8110
9592
5503
5964
9077
370
7874
7738
5842
7026
6453
3142
8247
8925
8927
6057
5834
6726
9919
6441
5287
1953
2670
2452
1925
1276
5026
3048
5632
746
2071
5481
5867
3720
6711
9335
5745
1543
8034
6696
2088
9517
4720
1220
4055
3453
9025
2684
2270
2289
8744
5768
7566
3357
9071
1406
7409
8450
453
1676
8051
6131
859
9147
5420
7786
5448
9373
6805
6168
9760
4865
5596
7690
396
7428
4350
8867
6128
4290
6421
255
2146
4775
9186
9294
6827
2910
4173
5653
3937
3208
7103
9697
8028
2194
5183
8008
7971
5196
6339
9222
3898
2945
6252
9197
8448
8211
9418
9977
5516
3949
8547
4930
4202
5583
4446
9448
9989
9323
8073
6570
9976
2489
4482
1247
836
1257
5700
1592
3370
8670
4996
2842
5675
6926
5036
7086
4185
9198
3935
4450
5671
193
6296
7667
7783
9765
3173
677
899
8855
4789
5522
2056
14
6988
3325
3769
5772
8672
7916
8845
9499
9616
2728
8708
5298
3098
6211
7483
4802
9540
8828
4971
4255
9336
9047
3344
4704
5375
3737
605
1948
8125
1059
3669
9627
9128
1105
7176
8831
2944
1918
4599
5195
9523
7464
5933
1456
6088
4745
8383
2385
2623
4137
5309
818
599
7976
7844
7957
7601
6685
1460
4438
8413
5855
7136
8480
3573
1533
508
9691
8826
5899
5107
3885
9889
8426
7995
6020
6324
5818
8524
7982
7338
5966
5941
9886
3068
2795
5238
7868
5679
7513
4560
923
6094
7890
4110
4191
713
9933
3454
6735
6448
6166
5064
3640
3245
2821
9671
2100
2254
8931
6858
3876
5097
730
74
6443
5733
5512
2451
4737
9338
3659
1679
7908
4499
4683
6264
3704
4182
8268
3747
5274
9506
3168
4785
6993
7677
4072
5221
5840
5445
8441
9870
6002
3591
3353
8461
3057
8947
4780
5032
3272
7183
9926
6959
3367
4534
7535
3618
4819
6552
3963
4339
7584
7342
6301
1363
9329
6290
5263
5450
7191
2984
2900
6691
8771
2743
7009
6215
5506
8088
1924
6979
9701
6392
6636
8320
8428
592
3575
4927
5822
2401
3200
9794
4283
9098
7965
501
9010
5280
9419
8159
3088
5938
7653
3102
5992
7339
7393
6974
3615
9220
2633
6667
3049
9004
9196
8493
6770
5802
1746
2704
527
9144
5404
8930
7234
6727
6059
6485
4888
4457
1448
5654
8522
8180
5323
7372
3362
2993
5903
6228
9549
3707
7348
7306
7936
3981
6143
714
8779
6757
3796
7390
6382
8911
3002
8699
4205
6284
6383
2676
6593
6873
4319
5138
6736
3510
7847
7349
375
7232
8872
8538
8712
7441
8626
9265
3887
5626
2398
9359
2090
9986
6944
7429
4564
4674
3066
4453
2437
6361
6512
7698
3139
5266
7815
9801
1891
3391
5536
5290
2942
3467
5305
9311
4590
3525
4298
6518
3807
796
4337
8950
7212
4259
679
7423
2767
117
7412
3427
8849
8545
8187
9680
8763
2982
7503
4800
3794
6629
9834
2731
6728
7369
758
2946
9264
9124
4288
6058
6760
3061
3778
2990
8235
4891
4946
8257
8357
9660
9856
621
1535
5857
8498
8603
5087
6893
9971
7087
5567
9816
6074
7726
5387
6314
8696
8350
4090
5865
2038
6568
6194
3055
3718
2784
4451
7055
5197
3194
4710
6167
2543
3512
6433
8243
9947
4487
3558
3913
5614
8286
4386
7840
5811
9812
2094
6332
3902
8277
4243
9937
7362
6261
3915
8510
2191
3903
233
8743
7311
2001
1249
5231
5908
8518
1150
2943
2525
1930
6723
867
4357
3932
1531
7249
4818
8660
5065
5382
5969
4315
8540
3930
737
9793
4907
3445
4626
4411
7659
5364
9887
434
7308
7130
6481
9862
6248
2710
6378
7816
9979
6411
8312
9168
4722
5419
4001
8127
3878
5104
4970
6996
4990
5223
1916
3163
4612
2897
3864
7846
7328
9775
6268
7992
8469
6630
9320
7165
4248
8290
8084
3351
1752
2214
6614
6701
5073
7572
6725
5825
7554
4792
6205
3346
8503
7140
8205
470
3752
9828
4442
2559
7603
5270
8860
2631
5579
6600
4389
7831
7402
4241
9881
4412
7795
3680
2919
3288
7405
5542
3069
9810
6777
9184
3413
1129
8370
6478
68
6895
8505
7806
5013
4669
2556
7837
5259
6424
9746
1850
7527
4575
1373
5996
7029
2875
9141
6660
5685
9686
9717
3802
5647
6591
6352
2675
6141
2951
9257
8398
6776
341
6329
8649
412
2772
5218
6072
8800
6033
8242
8971
6839
8529
397
4502
7701
3731
2614
8693
3035
5800
6721
5217
9685
392
7881
2927
7854
9332
8473
7882
4029
5311
7024
6349
5261
8296
2330
7095
9406
8377
7151
2013
2699
7862
3197
6907
8732
6293
958
4488
4342
5928
8210
3703
3855
7299
7991
3496
8123
7577
5592
8711
4512
8455
5728
4126
6286
5209
4468
3047
4480
9277
9248
4293
3888
3912
3788
6061
3833
8447
7058
6400
5915
5046
4131
3911
4830
5211
4809
6954
8550
6965
3714
2040
1362
9352
9779
8776
6239
5979
5519
4220
4420
2300
3499
9682
6835
1102
4254
3242
5904
4236
7502
2931
574
9921
9607
8218
752
4103
8475
4233
5758
7955
8237
6277
8395
75
5175
3408
4524
4756
7875
9269
245
4727
7309
6702
4985
6527
6633
3159
4700
2316
3968
8093
3576
6098
6826
7734
5347
7970
5635
2739
5072
7173
7303
5486
3369
9387
6086
9844
6265
3821
4343
6517
3290
3271
6540
5709
6510
3899
9319
7959
4577
9596
9998
6882
5477
6045
6846
8451
2994
4395
9733
4914
8156
7878
8928
4458
9753
6346
